p.p:0.24053641567148587
0.24053641567148587 1.4840953225698463 0.24053641567148587 1.0
fx int:0.21261730394097023
T:0.730967787376657
start:-0.10813627140754287
end:1.4840953225698463
Co:4.703286051814644
A:-1.567762017271548 B:4.055718199493651 C:-1.6789742075973175 D:-0.5399497620014426
---------------------
p1:0.8497927433732765
0.24053641567148587 0.8497927433732765 0.24053641567148587 0.8497927433732765
fx int:0.03769197504682556
T:0.24053641567148587
start:-0.1603852562255832
end:1.0897556368881711
Co:26.53084638726621
A:-8.84361546242207 B:14.463677715086869 C:-5.423066854435423 D:0.3501482600629249
---------------------
p2:0.4349718779027065 
0.4349718779027065 0.8497927433732765 
0.4349718779027065 0.8497927433732765
fx int:0.011896810102047933
T:0.6374174253501083
start:-0.0036461615874382736
end:1.0578582107221874
Co:84.05614542236482
A:-28.018715140788274 B:53.996180919741754 C:-31.070172780982457 D:4.966981410670635
---------------------
p3:0.6808249272675673
0.4349718779027065 0.6808249272675673 0.4349718779027065 0.6808249272675673
fx int:0.0024767122232752653
T:0.5504370051176339
start:-0.01413171178513098
end:1.1320595940838005
Co:403.76107914450205
A:-134.5870263815007 B:225.2576610807687 C:-119.56968369337835 D:19.916239601904994
---------------------
p4:0.5661776489788102
-0.20953195701004088 0.24053641567148587 0.0 0.24053641567148587
fx int:0.008381008927614064
T:0.5975452777972018
start:-0.20953195701004088
end:1.0413000809368276
Co:119.31737677848812
A:-39.772458926162706 B:1.849685337960346 C:6.01360365358484 D:-0.5975452777972018
-----------------
p5:0.1033865995560045
0.24053641567148587 0.4349718779027065 0.24053641567148587 0.4349718779027065
fx int:0.0012251102692164527
T:0.3332183994766498
start:-0.10098408909232924
end:1.0220206328120136
Co:816.2530550328117
A:-272.08435167760393 B:275.692854164968 C:-85.40176264747869 D:8.0446131891416
---------------------
p6:0.3157600720716615
0.6808249272675673 0.8497927433732765 0.6808249272675673 0.8497927433732765
fx int:8.040086520840345E-4
T:0.3851891847407185
start:-0.0036715827141790974
end:1.0821242790175425
Co:1243.7677099717089
A:-414.5892366572363 B:951.8664175275967 C:-719.5943491403457 D:179.15613136562533
---------------------
p7:0.7522724804553783
0.8497927433732765 1.015695259324802 0.8497927433732765 1.0
fx int:7.418948066595377E-4
T:0.984841540199809
start:-0.038754842812498275
end:1.015695259324802
Co:1347.899986660655
A:-449.2999955535517 B:1257.245626976176 C:-1163.4135366699684 D:355.483063707144
---------------------
p8:0.9957372227563949
0.8497927433732765 0.9957372227563949 0.8497927433732765 0.9957372227563949
fx int:5.180978195954422E-4
T:0.8791825178724801
start:-0.023126311567558733
end:1.0017511326738988
Co:1930.137441575902
A:-643.3791471919673 B:1781.0632435885923 C:-1633.2249127506036 D:495.65902464102464
---------------------
p9:0.9640691163408363
0.1033865995560045 0.24053641567148587 0.1033865995560045 0.24053641567148587
fx int:4.2996632070299015E-4
T:0.9412491794821144
start:-0.05301325230956713
end:1.004223230545666
Co:2325.763558329432
A:-775.254519443144 B:399.9418078434377 C:-57.83765120255293 D:1.62021168213656
---------------------
p10:0.22032497315140012